[3, 13, 25, 5, 1, 16, 24, 19, 4, 27, 12, 2, 26, 10, 23, 6, 28, 8]
[-202.96358748196897, -181.60308154061053, -175.19781118852472, -171.63627756645764, -169.87061792706692, -168.2313893457552, -164.0195492409218, -161.68854089656742, -160.57905719365283, -159.79143858659404, -158.93408492685128, -158.54505966437176, -157.98445698126739, -157.71053586990644, -157.5954024086245, -157.5031495445637, -157.52847232073123, -157.55996530583133, -157.4316832286678, -157.3957201815911]
[28, 7, 29, 5, 26, 2, 11, 27, 30, 17, 22, 0, 23, 15, 3, 25, 10, 6]
[-195.98340043456298, -183.36622789750527, -174.49314805448768, -170.85771208480227, -168.61274974431095, -166.87119944124174, -165.36319831470433, -165.1120714572767, -164.50132404678723, -163.85906676589386, -163.385533648156, -162.60522672114956, -161.5365186397039, -160.95875571641682, -160.43820189232432, -160.22024951500708, -159.8321413847329, -159.3258639442176, -159.13206735283188, -158.7936202619997]
[25, 21, 20, 0, 19, 23, 9, 5, 12, 22, 8, 14, 10, 27, 17, 28, 2, 11]
[-192.47570330827037, -177.70590424826912, -173.5639746652806, -167.40535721522483, -165.038795051518, -163.3912506221119, -162.32977089142696, -161.03976032081988, -160.02177494660322, -159.41418758498287, -159.16291900443076, -158.93675001871526, -158.67245520798264, -158.34044109432227, -158.09814014684451, -157.8927095005944, -157.67409354675348, -157.53693002854368, -157.46712767950865, -157.3992869940981]
[16, 28, 4, 11, 10, 29, 24, 9, 19, 22, 6, 3, 15, 1, 26, 30, 21, 14]
[-218.15278222466088, -187.98044779285425, -176.19930411197527, -170.63826148711183, -168.22175295809484, -164.23318428453953, -162.74574113536892, -162.21802747836605, -160.83492856768413, -161.17318545738473, -160.4065455230013, -160.3928592701145, -160.20234441951916, -160.16202775469787, -159.9287358827691, -160.15080165183718, -159.78356213455717, -159.88335127515555, -159.96585068918054, -159.41625904548124]
[10, 6, 7, 26, 15, 0, 8, 19, 11, 24, 12, 13, 14, 30, 23, 29, 4, 18]
[-209.69542507854212, -191.55777695812748, -182.6664864385629, -172.93976604665409, -168.51582023647504, -166.03030188090378, -164.88377865238374, -163.4183665497873, -162.01376998439494, -162.10896701043254, -161.10102949082963, -160.4286093006508, -160.0796450531137, -159.48625560264298, -158.85170925495865, -158.37657499248837, -158.19887002974667, -158.07350250625373, -157.91955196422296, -157.8678632519285]
[8, 25, 9, 14, 23, 4, 17, 10, 29, 13, 30, 27, 0, 11, 15, 26, 20, 12]
[-203.23039491518168, -183.7232332220367, -172.60041195335853, -166.3258940727003, -163.8049143717031, -162.63867311652572, -162.2930362378823, -161.14209308485135, -161.2369316788375, -160.63748250253568, -160.3766047870416, -159.9102949496493, -159.80289822568096, -159.15134543137083, -158.81240988478658, -158.63008363925945, -158.4867514512729, -158.35125093953164, -158.1028836134453, -157.8345598049994]
[14, 24, 17, 15, 30, 26, 0, 18, 5, 21, 27, 22, 9, 12, 19, 23, 10, 28]
[-195.80318998790835, -185.34207228049573, -176.78875306641828, -172.41263658469822, -169.12916200144957, -168.01975137932322, -167.20591047549863, -165.50259161952368, -164.60411472421197, -163.88312431981677, -163.16437442456203, -162.4882381001557, -162.05911858863465, -161.56103717763037, -161.36253897433306, -160.72258604326663, -160.19827683260172, -159.95982595762783, -159.7878859302895, -159.57153202666834]
[2, 6, 3, 22, 30, 10, 26, 29, 19, 15, 24, 20, 18, 9, 13, 28, 7, 11]
[-209.8724926304755, -196.88121646376226, -186.74236032750713, -178.6466714575071, -172.50005016335825, -169.73493947054402, -168.30282033706197, -166.91395846282228, -166.16772642847653, -165.3342430387096, -164.34711976844181, -163.75154792847312, -163.24859527438318, -163.05331565697878, -161.89486934897388, -161.70795128413812, -161.53771590554135, -161.28000138041716, -160.63452816136544, -160.7084328955994]
[20, 22, 28, 15, 0, 17, 16, 7, 18, 8, 6, 24, 9, 4, 29, 13, 11, 5]
[-199.15209212589994, -186.26756263256792, -172.17957810569376, -167.9563579914477, -164.79063414961132, -164.4083247849102, -163.6436122048194, -163.47714403210566, -161.85520915703853, -160.97635551437793, -160.48113311787785, -160.29171691811456, -160.31061396988974, -159.9584249083387, -159.75615124875677, -159.45018164975755, -159.1504492278886, -158.93266193511198, -158.61226967731946, -158.51622604564898]
[27, 8, 30, 9, 24, 4, 12, 1, 22, 14, 25, 3, 15, 7, 19, 20, 0, 10]
[-206.0513056773348, -182.2940099471083, -175.51909475842183, -170.0499603210576, -162.92697888807078, -162.2897542851967, -161.17939860682966, -160.8081465394152, -159.92405780155377, -159.56731108077537, -159.3375145082377, -159.20775949897688, -158.86891752107886, -158.4754045582843, -158.18793035760018, -158.02994008078105, -157.86829837868032, -157.82354800929602, -157.85571730352893, -157.76189647750823]
[12, 26, 16, 25, 1, 3, 4, 28, 17, 10, 24, 18, 23, 21, 29, 13, 7, 22]
[-202.5156834917187, -187.73503956113356, -177.24746075031828, -174.06062584364656, -169.77318558531528, -167.0020269471874, -165.86187058701364, -163.1778135015777, -162.10680937772042, -161.21872112110168, -160.63140466950787, -159.88867141223017, -158.8392461109386, -158.51571181054777, -158.30440876829618, -158.142503723562, -157.8846569747624, -157.9047541762048, -157.76207230461472, -157.63406620828613]
[19, 24, 14, 7, 12, 2, 15, 4, 11, 21, 30, 10, 13, 27, 29, 17, 26, 3]
[-211.30239339852196, -189.62971864187202, -174.61332136681318, -167.76373246069573, -165.57867897276066, -163.31165788401177, -161.28651927295078, -160.97092340539842, -159.37535559438123, -159.31895745239288, -158.8755785143411, -158.4800921597049, -158.31579348089446, -158.200581220007, -158.09744793677686, -158.03357616824906, -158.08849671229535, -158.16653478035136, -158.08631476774087, -158.00796854550063]
[2, 18, 0, 10, 30, 14, 22, 3, 23, 19, 26, 25, 9, 4, 15, 12, 17, 29]
[-200.96272647800484, -182.10979427640603, -171.30207434764898, -167.60203825748084, -165.67330645855202, -163.60015151283562, -161.98138676417074, -161.69390529228156, -160.85681185186485, -160.83815977255358, -160.18557403156458, -159.96422685075075, -159.66419330726126, -159.44779246711704, -159.34223336134897, -159.14078992464067, -158.7687794256306, -158.42623250641086, -158.37373054384176, -158.30755928629546]
[28, 17, 29, 3, 20, 4, 6, 25, 10, 30, 9, 2, 15, 24, 8, 23, 12, 13]
[-203.12861256539003, -185.35271600765122, -176.60090897559297, -170.26405956218312, -163.94882886582351, -162.8024030717735, -159.92345216746168, -159.08157609764436, -158.51087593567135, -158.58127020594267, -158.0883160969492, -157.89177981670895, -157.89438941373172, -157.66815491119684, -157.40420221953153, -157.43037744105345, -157.29970529106626, -157.3394305995954, -157.35575279348618, -157.46365735271502]
[13, 8, 30, 15, 14, 19, 29, 11, 3, 24, 23, 2, 16, 28, 22, 9, 20, 6]
[-206.26430313514163, -193.23831693989675, -182.93687780315452, -176.30595914768597, -172.7734390529477, -168.11259739168486, -166.88134588455443, -166.58862104718736, -164.8842334890839, -164.8202512265661, -163.65056236390086, -163.25976034719872, -162.5376372643177, -161.64502738566011, -161.6688852929678, -161.27958158904158, -160.49018176931926, -160.2359868963036, -159.91840991969062, -159.80712644064542]
y1_shape: (15, 255)
y1_shape: (255, 15)
sample_lists_size: 15
model_size: 15
[1. 1. 0. 0. 1. 1. 0. 1. 1. 1. 1. 0. 1. 1. 0. 0. 1. 1. 1. 1. 1. 1. 0. 1.
 1. 0. 1. 0. 1. 1. 1. 1. 1. 1. 1. 1. 1. 1. 1. 0. 1. 1. 1. 1. 1. 1. 1. 1.
 1. 1. 1. 1. 0. 1. 1. 1. 1. 0. 0. 1. 0. 1. 0. 1. 1. 0. 1. 1. 1. 1. 1. 1.
 0. 1. 1. 1. 1. 1. 0. 1. 0. 0. 1. 0. 1. 1. 0. 1. 1. 1. 0. 1. 1. 1. 1. 1.
 1. 1. 1. 0. 1. 0. 1. 1. 0. 1. 1. 1. 1. 1. 0. 1. 0. 0. 0. 0. 1. 1. 1. 1.
 1. 1. 1. 1. 1. 1. 1. 0. 1. 1. 1. 1. 1. 1. 0. 1. 1. 1. 0. 0. 1. 1. 1. 1.
 1. 1. 1. 0. 1. 1. 1. 1. 1. 1. 1. 1. 1. 1. 1.]
[1. 0. 0. 0. 1. 1. 0. 1. 1. 1. 1. 0. 1. 1. 0. 0. 1. 1. 1. 1. 1. 1. 0. 1.
 1. 1. 1. 0. 1. 1. 0. 1. 1. 1. 1. 1. 0. 1. 1. 0. 1. 1. 1. 1. 1. 1. 1. 1.
 0. 0. 1. 1. 1. 1. 1. 1. 1. 0. 0. 1. 0. 1. 0. 1. 1. 0. 1. 1. 1. 1. 1. 1.
 0. 1. 1. 1. 0. 1. 0. 1. 0. 0. 1. 1. 1. 1. 0. 1. 1. 1. 0. 1. 1. 1. 1. 1.
 1. 1. 1. 1. 1. 1. 1. 1. 0. 1. 1. 1. 1. 1. 0. 1. 0. 0. 1. 0. 1. 1. 1. 0.
 1. 0. 1. 1. 1. 1. 1. 1. 1. 1. 1. 1. 0. 1. 0. 1. 0. 1. 0. 0. 0. 1. 1. 1.
 1. 1. 1. 0. 0. 1. 1. 1. 1. 1. 1. 1. 1. 0. 1.]
[1. 0. 0. 0. 1. 1. 0. 1. 1. 1. 1. 0. 1. 1. 0. 0. 1. 1. 1. 1. 1. 1. 0. 1.
 1. 1. 1. 0. 1. 1. 1. 1. 1. 1. 1. 0. 1. 1. 1. 0. 1. 1. 1. 1. 1. 1. 1. 1.
 1. 1. 1. 1. 1. 1. 1. 1. 1. 0. 0. 1. 0. 1. 0. 1. 1. 0. 1. 1. 1. 1. 1. 1.
 0. 1. 1. 1. 0. 1. 0. 1. 0. 0. 1. 1. 1. 1. 0. 1. 1. 1. 0. 0. 1. 1. 1. 1.
 1. 1. 1. 1. 1. 1. 1. 1. 0. 1. 1. 1. 1. 1. 0. 1. 0. 0. 1. 0. 1. 1. 1. 0.
 1. 1. 1. 1. 1. 1. 1. 1. 1. 1. 1. 1. 0. 1. 0. 1. 1. 1. 0. 0. 0. 1. 1. 1.
 1. 1. 1. 0. 1. 1. 1. 1. 1. 1. 1. 1. 1. 1. 1.]
[1. 1. 0. 0. 1. 0. 0. 1. 1. 1. 1. 0. 1. 1. 0. 0. 1. 1. 1. 1. 1. 1. 0. 1.
 1. 1. 1. 0. 1. 1. 1. 0. 1. 1. 1. 1. 1. 1. 1. 1. 1. 1. 1. 1. 0. 1. 1. 1.
 1. 1. 1. 1. 1. 1. 1. 1. 1. 0. 0. 1. 0. 1. 0. 1. 1. 0. 1. 1. 1. 1. 1. 1.
 0. 1. 1. 1. 1. 1. 0. 1. 0. 1. 1. 1. 1. 1. 0. 1. 1. 1. 0. 1. 1. 1. 1. 1.
 1. 1. 1. 1. 1. 1. 1. 1. 0. 0. 1. 1. 1. 1. 0. 1. 0. 0. 1. 0. 1. 1. 1. 1.
 1. 1. 0. 1. 1. 0. 1. 1. 1. 1. 1. 1. 1. 1. 1. 1. 0. 1. 1. 1. 0. 1. 1. 1.
 1. 1. 1. 0. 1. 1. 1. 1. 1. 1. 1. 1. 1. 1. 1.]
[1. 1. 0. 0. 1. 1. 0. 1. 1. 1. 1. 0. 1. 1. 0. 0. 1. 1. 1. 1. 1. 1. 0. 1.
 1. 0. 1. 0. 1. 1. 1. 1. 1. 0. 1. 1. 1. 1. 1. 1. 1. 1. 1. 1. 1. 1. 1. 1.
 1. 1. 1. 1. 1. 1. 1. 1. 1. 0. 0. 1. 0. 1. 0. 1. 1. 0. 0. 1. 1. 1. 1. 1.
 0. 1. 1. 1. 0. 1. 0. 1. 0. 1. 1. 1. 1. 1. 0. 1. 1. 1. 0. 0. 1. 1. 1. 1.
 1. 1. 1. 1. 1. 0. 1. 1. 0. 1. 1. 1. 1. 1. 0. 1. 0. 0. 0. 0. 1. 1. 1. 1.
 1. 1. 1. 1. 1. 1. 1. 1. 1. 1. 1. 1. 1. 1. 1. 1. 1. 1. 1. 1. 1. 1. 1. 1.
 1. 1. 1. 0. 1. 1. 1. 1. 1. 1. 1. 1. 1. 1. 1.]
[1. 0. 0. 0. 1. 1. 0. 1. 1. 1. 1. 0. 1. 1. 0. 0. 1. 1. 1. 1. 1. 1. 0. 1.
 1. 1. 1. 0. 1. 1. 0. 1. 1. 1. 1. 1. 1. 1. 1. 0. 1. 1. 1. 1. 1. 1. 1. 1.
 1. 0. 1. 1. 1. 1. 1. 1. 1. 0. 0. 1. 0. 1. 0. 1. 1. 0. 1. 1. 1. 1. 1. 1.
 0. 1. 1. 1. 0. 1. 0. 1. 0. 0. 1. 1. 1. 1. 0. 1. 1. 1. 0. 0. 1. 1. 1. 1.
 1. 1. 1. 1. 1. 1. 1. 1. 0. 1. 1. 1. 1. 1. 0. 1. 0. 0. 0. 0. 1. 1. 1. 0.
 1. 1. 1. 1. 1. 1. 1. 1. 1. 1. 1. 1. 1. 1. 0. 1. 0. 1. 0. 0. 0. 1. 1. 1.
 1. 1. 1. 0. 0. 1. 1. 1. 1. 1. 1. 1. 1. 0. 1.]
[1. 0. 0. 0. 1. 1. 0. 1. 1. 1. 1. 0. 1. 0. 0. 0. 1. 1. 1. 1. 1. 1. 0. 1.
 1. 1. 1. 0. 1. 1. 0. 1. 1. 1. 1. 1. 1. 1. 1. 0. 1. 1. 1. 1. 1. 1. 1. 1.
 1. 1. 1. 1. 1. 1. 1. 1. 1. 0. 0. 1. 0. 1. 0. 1. 1. 0. 1. 0. 1. 1. 1. 1.
 0. 0. 1. 1. 1. 0. 0. 1. 0. 0. 1. 1. 1. 1. 0. 1. 1. 1. 0. 0. 1. 1. 1. 1.
 1. 1. 1. 0. 0. 1. 1. 1. 0. 1. 1. 1. 1. 1. 0. 1. 0. 0. 0. 0. 1. 1. 1. 0.
 1. 0. 1. 1. 1. 1. 1. 1. 1. 1. 1. 1. 1. 1. 0. 1. 1. 1. 0. 0. 0. 1. 1. 1.
 1. 1. 1. 0. 0. 1. 0. 1. 1. 1. 1. 1. 0. 1. 1.]
[1. 1. 0. 0. 1. 0. 0. 1. 1. 0. 1. 0. 1. 1. 0. 0. 1. 1. 1. 1. 0. 1. 0. 1.
 1. 1. 1. 0. 1. 1. 1. 1. 1. 1. 1. 1. 1. 1. 1. 1. 1. 1. 1. 1. 0. 1. 1. 1.
 1. 1. 0. 1. 1. 1. 1. 1. 1. 0. 0. 1. 0. 1. 0. 1. 1. 0. 1. 1. 1. 1. 1. 1.
 0. 1. 1. 1. 1. 1. 0. 1. 0. 1. 1. 1. 1. 1. 0. 1. 1. 1. 0. 1. 1. 1. 1. 1.
 1. 1. 1. 1. 1. 1. 1. 1. 0. 1. 1. 1. 1. 1. 0. 1. 0. 0. 0. 0. 1. 1. 1. 1.
 1. 1. 0. 1. 1. 0. 1. 1. 1. 1. 1. 1. 1. 1. 1. 1. 0. 1. 1. 1. 0. 1. 1. 1.
 1. 1. 1. 0. 1. 1. 1. 1. 1. 1. 1. 1. 1. 1. 1.]
[1. 1. 0. 0. 1. 1. 0. 1. 1. 1. 1. 0. 1. 1. 0. 0. 1. 1. 1. 1. 1. 1. 0. 1.
 1. 1. 1. 0. 1. 1. 0. 1. 1. 1. 1. 1. 1. 1. 1. 0. 1. 1. 1. 1. 1. 1. 1. 1.
 1. 0. 1. 1. 1. 1. 1. 1. 1. 0. 0. 1. 0. 1. 0. 1. 1. 0. 1. 1. 1. 1. 1. 1.
 0. 1. 1. 1. 1. 1. 0. 1. 0. 0. 1. 1. 1. 1. 0. 1. 1. 1. 0. 1. 1. 1. 1. 1.
 1. 1. 1. 1. 1. 1. 1. 1. 0. 1. 1. 1. 1. 1. 0. 1. 0. 0. 0. 0. 1. 1. 1. 1.
 1. 1. 1. 1. 1. 0. 1. 1. 1. 1. 1. 1. 0. 1. 0. 1. 0. 1. 0. 0. 0. 1. 1. 1.
 1. 1. 1. 0. 0. 1. 1. 1. 1. 1. 1. 1. 1. 0. 1.]
[1. 0. 0. 0. 1. 1. 0. 1. 1. 1. 1. 0. 1. 1. 0. 0. 1. 1. 1. 1. 1. 1. 0. 1.
 1. 1. 1. 0. 1. 1. 1. 1. 1. 0. 1. 1. 1. 1. 1. 0. 1. 1. 1. 1. 1. 1. 1. 1.
 1. 1. 1. 1. 1. 1. 1. 1. 1. 0. 0. 1. 0. 1. 0. 1. 1. 0. 0. 1. 1. 1. 1. 1.
 0. 1. 1. 1. 0. 1. 0. 1. 0. 0. 1. 1. 1. 1. 0. 1. 1. 1. 0. 1. 1. 1. 1. 1.
 1. 1. 1. 1. 1. 1. 1. 1. 0. 1. 1. 1. 1. 1. 0. 1. 0. 0. 0. 0. 1. 1. 1. 0.
 1. 1. 1. 1. 1. 1. 1. 1. 1. 1. 1. 1. 1. 1. 0. 1. 0. 1. 0. 0. 1. 1. 1. 1.
 1. 1. 1. 0. 1. 1. 1. 1. 1. 1. 1. 1. 1. 1. 1.]
[1. 1. 0. 0. 1. 1. 0. 1. 1. 0. 1. 0. 1. 1. 0. 0. 1. 1. 1. 1. 1. 1. 0. 1.
 1. 0. 1. 0. 1. 1. 1. 1. 1. 1. 1. 1. 1. 1. 1. 0. 1. 1. 1. 1. 1. 1. 1. 1.
 1. 1. 1. 1. 1. 1. 1. 1. 1. 0. 0. 1. 0. 1. 0. 1. 1. 0. 1. 1. 1. 1. 1. 1.
 0. 1. 1. 1. 1. 1. 0. 1. 0. 0. 1. 1. 1. 1. 0. 1. 1. 1. 0. 1. 1. 1. 1. 1.
 1. 1. 1. 1. 1. 0. 1. 1. 0. 1. 1. 1. 1. 1. 0. 1. 0. 0. 1. 0. 1. 1. 1. 1.
 1. 1. 1. 1. 1. 1. 1. 1. 1. 1. 1. 1. 1. 1. 0. 1. 1. 1. 0. 0. 0. 1. 1. 1.
 1. 1. 1. 0. 1. 1. 1. 1. 1. 1. 1. 1. 1. 1. 1.]
[1. 1. 0. 0. 1. 1. 0. 1. 1. 0. 1. 0. 1. 1. 0. 0. 1. 1. 1. 1. 1. 1. 0. 1.
 1. 1. 1. 0. 1. 1. 1. 1. 1. 1. 1. 0. 1. 1. 1. 1. 1. 1. 1. 1. 1. 1. 1. 1.
 1. 1. 1. 1. 0. 1. 1. 1. 1. 0. 0. 1. 0. 1. 0. 1. 1. 0. 1. 1. 1. 1. 1. 1.
 0. 1. 1. 1. 1. 1. 0. 1. 0. 1. 1. 0. 1. 1. 0. 1. 1. 1. 0. 1. 1. 1. 1. 1.
 1. 1. 1. 1. 1. 1. 1. 1. 0. 1. 1. 1. 1. 1. 0. 1. 0. 0. 1. 0. 1. 1. 1. 1.
 1. 0. 1. 1. 1. 1. 1. 0. 1. 1. 1. 1. 1. 1. 0. 1. 0. 1. 0. 1. 0. 1. 1. 1.
 1. 1. 1. 0. 1. 1. 1. 1. 1. 1. 1. 1. 1. 1. 1.]
[1. 0. 0. 0. 1. 1. 0. 1. 1. 1. 1. 0. 1. 1. 0. 0. 1. 1. 1. 1. 1. 1. 0. 1.
 1. 1. 1. 0. 1. 1. 0. 1. 1. 0. 1. 0. 1. 1. 1. 0. 1. 1. 1. 1. 1. 1. 1. 1.
 1. 0. 1. 1. 0. 1. 1. 1. 1. 0. 0. 1. 0. 1. 0. 1. 1. 0. 0. 1. 1. 1. 1. 1.
 0. 1. 1. 1. 0. 0. 0. 1. 0. 0. 1. 0. 1. 1. 0. 1. 1. 1. 0. 0. 1. 1. 1. 1.
 1. 1. 1. 1. 1. 1. 1. 1. 0. 1. 1. 1. 1. 1. 0. 1. 0. 0. 0. 0. 1. 1. 1. 0.
 1. 1. 1. 1. 1. 1. 1. 0. 1. 1. 1. 1. 1. 1. 0. 1. 1. 1. 0. 0. 0. 1. 1. 1.
 1. 1. 1. 0. 0. 1. 0. 1. 1. 1. 1. 1. 1. 0. 1.]
[1. 1. 0. 0. 1. 1. 0. 1. 1. 1. 1. 0. 1. 1. 0. 0. 1. 1. 1. 1. 1. 1. 0. 1.
 1. 1. 1. 0. 1. 1. 1. 1. 1. 1. 1. 1. 1. 1. 1. 0. 1. 1. 1. 1. 1. 1. 1. 1.
 1. 1. 1. 1. 0. 1. 1. 1. 1. 0. 0. 1. 0. 1. 0. 1. 1. 0. 1. 1. 1. 1. 1. 1.
 0. 1. 1. 1. 1. 1. 0. 1. 0. 0. 1. 0. 1. 0. 0. 1. 1. 1. 0. 1. 1. 1. 1. 1.
 1. 1. 1. 1. 1. 1. 1. 1. 0. 1. 1. 1. 1. 1. 0. 1. 0. 0. 1. 0. 1. 1. 1. 1.
 1. 1. 1. 1. 1. 0. 1. 0. 1. 1. 1. 1. 1. 1. 0. 1. 1. 1. 0. 0. 0. 1. 1. 1.
 1. 1. 1. 0. 1. 1. 1. 1. 1. 1. 1. 1. 1. 1. 1.]
[1. 1. 0. 0. 1. 1. 0. 1. 1. 1. 1. 0. 1. 1. 0. 0. 1. 1. 1. 1. 1. 1. 0. 1.
 1. 1. 1. 0. 1. 1. 1. 1. 1. 1. 1. 1. 1. 1. 1. 1. 1. 1. 1. 1. 1. 1. 1. 1.
 1. 1. 1. 1. 1. 1. 1. 1. 1. 0. 0. 1. 0. 1. 0. 1. 1. 0. 1. 1. 1. 1. 1. 1.
 0. 1. 1. 1. 0. 1. 0. 1. 0. 1. 1. 1. 1. 0. 0. 1. 1. 1. 0. 1. 1. 1. 1. 1.
 1. 1. 1. 1. 1. 1. 1. 1. 0. 1. 1. 1. 1. 1. 0. 1. 0. 0. 0. 0. 1. 1. 1. 1.
 1. 1. 1. 1. 1. 0. 1. 1. 1. 1. 1. 1. 1. 1. 1. 1. 0. 1. 1. 1. 0. 1. 1. 1.
 1. 1. 1. 0. 1. 1. 1. 1. 1. 1. 1. 1. 1. 1. 1.]
y1_shape: (15, 159)
y1_shape: (159, 15)
y_test: [1 1 0 0 1 1 0 1 1 1 1 0 1 0 0 0 1 1 1 1 1 1 0 1 1 1 1 0 1 1 1 1 1 0 1 1 1
 1 1 0 1 1 1 1 1 1 1 1 1 1 1 1 1 1 1 1 1 0 0 1 0 1 0 1 1 0 0 1 1 1 1 1 0 0
 1 1 0 1 0 1 0 0 1 1 1 1 0 1 1 1 0 0 1 1 1 1 1 1 1 1 1 1 1 1 0 1 1 1 1 1 0
 1 0 0 0 0 1 1 1 1 1 1 1 1 1 1 1 1 1 1 1 1 1 1 0 1 1 1 0 0 0 1 1 1 1 1 1 0
 1 1 1 1 1 1 1 1 1 1 1]
y_pred: [1. 1. 0. 0. 1. 1. 0. 1. 1. 1. 1. 0. 1. 1. 0. 0. 1. 1. 1. 1. 1. 1. 0. 1.
 1. 1. 1. 0. 1. 1. 1. 1. 1. 1. 1. 1. 1. 1. 1. 1. 1. 1. 1. 1. 1. 1. 1. 1.
 1. 1. 1. 1. 1. 1. 1. 1. 1. 0. 0. 1. 0. 1. 0. 1. 1. 0. 1. 1. 1. 1. 1. 1.
 0. 1. 1. 1. 1. 1. 0. 1. 0. 1. 1. 1. 1. 1. 0. 1. 1. 1. 0. 1. 1. 1. 1. 1.
 1. 1. 1. 1. 1. 1. 1. 1. 0. 1. 1. 1. 1. 1. 0. 1. 0. 0. 1. 0. 1. 1. 1. 1.
 1. 1. 1. 1. 1. 1. 1. 1. 1. 1. 1. 1. 1. 1. 1. 1. 1. 1. 1. 1. 1. 1. 1. 1.
 1. 1. 1. 0. 1. 1. 1. 1. 1. 1. 1. 1. 1. 1. 1.]
precision: 0.9182389937106918
run time: 1169.5965149402618
