[26, 5, 24, 28, 4, 15, 23, 1, 17, 18, 6, 13, 30, 25, 10, 7, 9, 21]
[-200.06975905011507, -179.16126520755074, -176.06225484512447, -167.14662523940746, -164.41985267248802, -162.35233318214821, -160.6111367402882, -159.35865566632307, -158.7182149853418, -157.774921113382, -157.15360530267526, -156.52650612312752, -156.2387549285691, -156.0160328098982, -156.00436720496452, -155.50514121730794, -155.3262746689523, -155.17692465823694, -155.03352349232352, -154.74219238281805]
[2, 10, 9, 17, 6, 23, 21, 27, 8, 22, 1, 29, 15, 5, 19, 16, 20, 12]
[-197.011456665504, -177.43970378010874, -171.27315366499934, -170.42963751071358, -165.83709649409798, -164.99097542554068, -164.72582360073994, -162.60222205898887, -160.6886252859607, -159.58676095034235, -158.08418915733415, -157.12285461467593, -156.32302942318148, -155.8246915401822, -155.440668735957, -155.03813387185522, -154.85899346414126, -154.60846803768993, -154.3954890443153, -154.24412140536575]
[3, 15, 13, 26, 24, 30, 23, 8, 16, 14, 6, 11, 2, 7, 21, 4, 17, 0]
[-193.4888851612451, -184.01815111398489, -175.62070934524354, -169.4357873025907, -167.10222666129724, -163.64535316465154, -161.66925652215554, -159.44519864994547, -158.43630490169338, -157.99709188841598, -157.87967701128565, -156.824653177171, -156.27115905291222, -155.8960486805609, -155.7881174830732, -155.24681494965193, -154.97288664226613, -154.7950667991105, -155.06752280463033, -154.6870677399346]
[25, 7, 14, 21, 28, 29, 30, 8, 18, 0, 20, 9, 1, 17, 4, 23, 3, 24]
[-203.17244027047113, -176.4433143539248, -168.40618140086337, -164.06734938200498, -161.26041950712312, -159.49342420445655, -158.58246562849627, -157.27676245257317, -157.3182257789475, -156.89337716353796, -157.02043178302853, -155.8936157767451, -155.800795416106, -154.97743966323316, -154.59901250943267, -154.2549203529583, -154.29860224892627, -154.01870410241213, -153.85860108925687, -153.7231821498355]
[15, 0, 12, 29, 7, 28, 10, 4, 26, 22, 14, 3, 27, 2, 6, 25, 17, 16]
[-198.9885636958162, -174.4575153836374, -166.3160797456398, -163.35438096288857, -162.452076192734, -161.28622258775226, -160.4757179641423, -159.81494941123688, -158.513006858453, -157.82039243660648, -157.48644005760326, -157.27836275714026, -157.0492623030597, -156.981480636088, -156.77452834904557, -156.5293915023531, -156.22466010020838, -155.82280379583284, -155.6142290284266, -155.36004385093952]
[0, 2, 5, 14, 27, 18, 20, 23, 4, 9, 8, 21, 13, 16, 7, 26, 24, 11]
[-200.32070156994348, -181.53910140796776, -171.85362948245466, -167.60643952240946, -163.77405838051897, -160.9909412278032, -159.80311908276167, -158.60336978967018, -157.81278928841937, -157.38230530252613, -157.16879403008664, -156.85868691588126, -157.0474278487249, -156.58120902325584, -156.2541685636366, -156.1501241413125, -155.7618981467321, -155.5827655822874, -155.437093335052, -155.30731656187987]
[6, 27, 23, 15, 4, 18, 20, 19, 10, 25, 13, 24, 14, 0, 21, 11, 28, 17]
[-195.26302061486336, -177.93008477235904, -170.61526216892892, -169.6078831789883, -165.37774330245455, -163.7576951297795, -163.4592974761033, -162.45342767656393, -161.2055184802313, -160.23106691211137, -159.6805412150066, -158.75356331495243, -158.21144889591966, -158.00687828135855, -156.6544317584059, -156.17524336921755, -155.88804111594666, -155.1354240856826, -154.62472805625563, -154.43950386950604]
[5, 11, 4, 30, 6, 7, 2, 29, 18, 3, 17, 28, 9, 25, 27, 1, 20, 23]
[-193.38330705759907, -179.65914525293192, -172.44749760020946, -168.21654028370216, -164.77740747220355, -162.92512528379203, -161.6449294700038, -161.2217294933985, -160.8838044193423, -160.56070971875357, -159.8166426110589, -159.45315925160273, -159.5289912997572, -159.1228811619086, -159.02005003216368, -158.75680906954554, -157.86052710540616, -157.43039488386432, -156.94571855619404, -156.81889584237462]
[15, 6, 3, 28, 18, 4, 14, 10, 22, 30, 21, 7, 26, 2, 20, 23, 13, 29]
[-200.89045054438174, -175.1566978912722, -170.86717685120936, -165.2564456625689, -162.29250791550174, -162.20696913184003, -161.29350039297424, -159.89954457461698, -159.85755976578838, -158.54415385023032, -157.9266074149191, -157.00171531553016, -156.7490463423687, -156.7755744717328, -156.3815867718829, -156.08322332440255, -155.8537410596902, -155.78296808221933, -155.60322694652012, -155.6265736428059]
[16, 11, 14, 28, 7, 6, 12, 26, 23, 9, 29, 17, 25, 5, 18, 0, 1, 3]
[-192.0856911990471, -181.4565144636676, -175.01181923863766, -172.93650977354338, -171.60488397890546, -169.80465172470144, -167.6517593898954, -166.01800791360102, -164.98717326001798, -164.42457168189273, -162.75619457328406, -162.11669644435716, -161.51670102814094, -160.6437620258844, -159.98655866840988, -159.65602150781933, -159.19737642735163, -158.7602599338589, -158.1178652223484, -157.26777752121532]
[2, 6, 14, 3, 18, 4, 27, 24, 5, 1, 12, 15, 10, 22, 28, 8, 11, 25]
[-196.78930238358458, -181.16269536081916, -173.9905641247292, -172.2041050619855, -168.24973863343945, -165.50999766491202, -163.77172754372697, -162.5187714333794, -160.9014545614482, -160.06642263048582, -158.7493981927758, -157.85209421390982, -157.19972440963411, -156.63054575956465, -155.94131342794952, -155.61192081750167, -155.11142396277182, -154.21434730277838, -154.14490636216817, -154.09334052414454]
[28, 5, 12, 7, 11, 20, 3, 30, 23, 18, 8, 14, 13, 9, 26, 10, 16, 15]
[-202.96135330990796, -189.13720120218426, -180.04567912646652, -173.35685101077053, -172.14724328260652, -169.691068992332, -166.81926057418724, -163.65441490273486, -162.57815101992412, -161.9183796360083, -161.53967181557215, -161.34682907881006, -160.6104696062747, -160.21045236104027, -159.9012054161829, -159.6851971731543, -159.11636712493691, -158.470216296767, -157.65635299584397, -156.74565780672816]
[7, 6, 24, 18, 13, 16, 5, 14, 20, 23, 8, 9, 1, 11, 0, 15, 4, 29]
[-196.51234729297607, -180.43308818426198, -171.53869744496535, -169.94249710001156, -166.80634792453904, -165.8232019584683, -164.5168625574589, -163.37280676142817, -162.700480910736, -161.90203514565377, -161.1715278946359, -160.56607114238653, -159.9914607829599, -159.42363455251052, -158.98329498906847, -158.78086908695016, -157.4178538324384, -157.2326611553964, -157.15212383032605, -157.05313498275845]
[22, 19, 1, 21, 5, 26, 15, 7, 6, 10, 27, 25, 29, 17, 16, 23, 12, 30]
[-196.31965488728906, -180.87077573171254, -176.05878673668428, -171.5789850758067, -169.92178974478043, -168.90205053946102, -165.8928748499035, -163.50480087846907, -161.9325382929337, -160.38404764745448, -159.5955536148901, -157.9965439280734, -156.8700696852585, -156.11335670205713, -155.46668935345787, -155.23440373288642, -155.04505707351206, -154.83125344488934, -154.69640935174607, -154.49076409208658]
[11, 2, 4, 15, 13, 28, 3, 26, 1, 0, 17, 20, 5, 27, 18, 7, 22, 24]
[-200.96065400815817, -182.99730578443152, -171.3694835574309, -165.91778311230132, -162.6267261559969, -160.51366845270985, -159.56009586726213, -158.4585058471029, -157.92264500676254, -157.46531577457037, -156.58942024128953, -156.30441676980948, -155.99598703593057, -155.6503688261937, -155.40045466067227, -154.89655177706095, -154.6009491865192, -154.41000363982852, -154.10976829761438, -153.91882014037583]
[19, 25, 3, 17, 6, 23, 26, 28, 13, 16, 15, 1, 22, 30, 29, 7, 11, 12]
[-195.33197324290182, -183.00140091127668, -172.5979561364041, -168.61826938676157, -165.66404918517486, -160.51094156614352, -158.7146555354694, -157.48760423195316, -156.49847851275223, -156.13065558800164, -155.24838036835962, -154.63758162830428, -154.5823187353402, -154.74512763808815, -154.64980936299452, -154.06921553966455, -154.0793756067528, -153.94351190455774, -153.88014654151095, -153.83040509203423]
[27, 0, 10, 8, 24, 4, 20, 25, 9, 21, 12, 18, 11, 14, 6, 29, 19, 23]
[-196.95520290276505, -175.7458488840635, -168.85830739070525, -166.15967826557264, -161.74880417755807, -160.02584262942332, -158.06607188395492, -157.4943882815383, -156.99700244455695, -156.47010681675698, -156.2102219747507, -155.85948991147814, -155.67384162742195, -155.55027868109676, -155.41457997675943, -155.27915439546877, -155.029403910596, -154.79270228018856, -154.73736000603242, -154.61732571278338]
[3, 0, 14, 26, 15, 17, 25, 28, 16, 30, 13, 6, 9, 11, 29, 18, 23, 12]
[-191.3087058170704, -176.5608995985521, -169.97042553625732, -165.52989374888233, -162.11378426475204, -158.9534311045861, -157.48778775847126, -156.85194042023357, -156.9396040868457, -156.4483458243256, -156.23610424315285, -155.8562228626967, -155.69385616439655, -155.36716736783902, -155.0265224839187, -154.8002613754153, -154.757294197154, -154.41189109724706, -154.27932615911496, -154.0137623817453]
[1, 23, 11, 8, 6, 27, 22, 21, 2, 16, 26, 18, 25, 17, 30, 20, 4, 19]
[-197.36698407120835, -177.05422747910677, -168.96832028524102, -166.1131994479585, -164.59381550537205, -162.13598576016847, -159.8096758237208, -159.2982630469529, -157.20092538772514, -156.2197585777367, -155.818498235103, -154.96992017238904, -154.76235420667297, -154.5568665768938, -154.2481007438337, -153.82444302237295, -153.8078078373987, -153.7713328870452, -153.6902900879977, -153.63458969190577]
[17, 24, 4, 14, 1, 28, 26, 25, 23, 15, 20, 19, 21, 0, 11, 29, 27, 18]
[-199.33355925629758, -177.03709217206935, -169.68587950133656, -165.35576404555445, -162.29707438388107, -161.06718522382167, -159.46790894027512, -158.41166389724455, -157.92663731701208, -157.71152898657465, -157.34574254036005, -157.11711591784635, -156.55183624365353, -156.16188056395583, -155.66325315626946, -155.44041909951775, -155.23333223891572, -155.0610200838487, -154.96000054571516, -154.80469538753556]
y1_shape: (20, 255)
y1_shape: (255, 20)
sample_lists_size: 20
model_size: 20
[1. 1. 1. 1. 1. 1. 1. 0. 1. 1. 1. 1. 0. 1. 0. 1. 1. 1. 0. 0. 1. 1. 1. 1.
 1. 1. 0. 0. 0. 1. 0. 1. 1. 1. 1. 1. 1. 0. 1. 0. 0. 1. 1. 0. 1. 1. 0. 1.
 1. 1. 0. 1. 0. 0. 0. 1. 1. 1. 1. 0. 1. 1. 1. 1. 1. 0. 1. 0. 0. 1. 1. 1.
 1. 1. 1. 0. 1. 1. 1. 1. 0. 1. 1. 1. 1. 1. 1. 0. 0. 1. 0. 0. 1. 0. 1. 1.
 1. 0. 1. 1. 0. 1. 0. 0. 1. 1. 1. 1. 1. 1. 1. 1. 1. 0. 1. 1. 1. 1. 1. 1.
 1. 1. 1. 0. 0. 1. 0. 0. 0. 1. 1. 1. 1. 0. 0. 1. 1. 0. 1. 1. 1. 1. 1. 1.
 0. 1. 1. 1. 1. 0. 1. 0. 1. 1. 0. 1. 0. 1. 0.]
[1. 1. 1. 1. 1. 1. 0. 0. 1. 1. 1. 1. 1. 1. 0. 1. 1. 1. 0. 0. 1. 1. 1. 1.
 1. 1. 0. 0. 1. 1. 1. 1. 1. 1. 1. 1. 1. 0. 1. 1. 0. 1. 0. 1. 1. 1. 0. 1.
 1. 1. 0. 1. 1. 0. 0. 1. 1. 1. 1. 0. 1. 1. 1. 1. 1. 0. 1. 0. 0. 1. 1. 1.
 1. 1. 1. 0. 1. 1. 1. 1. 0. 1. 1. 1. 1. 1. 1. 0. 1. 1. 0. 0. 1. 0. 1. 1.
 1. 1. 1. 1. 0. 1. 1. 1. 1. 1. 1. 1. 1. 1. 1. 1. 1. 1. 1. 1. 1. 1. 1. 1.
 1. 1. 1. 0. 0. 1. 1. 0. 0. 1. 1. 1. 1. 0. 1. 1. 1. 0. 1. 1. 1. 1. 1. 1.
 1. 1. 1. 1. 1. 0. 1. 0. 1. 1. 0. 1. 0. 1. 1.]
[1. 1. 1. 0. 1. 1. 1. 0. 0. 1. 1. 1. 1. 1. 0. 1. 1. 1. 0. 0. 1. 1. 1. 1.
 1. 1. 0. 0. 1. 1. 1. 1. 1. 1. 1. 1. 0. 0. 1. 1. 0. 1. 1. 1. 1. 1. 0. 1.
 1. 1. 0. 1. 1. 0. 0. 1. 1. 1. 1. 0. 1. 1. 1. 1. 1. 0. 1. 0. 0. 1. 1. 1.
 1. 1. 1. 1. 1. 1. 1. 1. 0. 1. 1. 1. 1. 1. 1. 0. 1. 1. 0. 0. 1. 0. 1. 1.
 0. 1. 1. 1. 0. 1. 0. 1. 1. 1. 1. 1. 1. 1. 1. 1. 1. 1. 1. 1. 1. 1. 1. 1.
 1. 1. 1. 0. 0. 1. 1. 1. 0. 1. 1. 1. 1. 0. 1. 1. 1. 0. 1. 1. 1. 1. 1. 1.
 1. 1. 1. 1. 1. 0. 1. 0. 1. 1. 1. 1. 0. 1. 1.]
[1. 1. 1. 1. 1. 1. 1. 0. 0. 1. 1. 1. 1. 1. 0. 1. 1. 1. 0. 0. 1. 1. 1. 1.
 1. 1. 0. 0. 1. 1. 1. 1. 1. 1. 1. 1. 0. 0. 1. 1. 0. 1. 1. 0. 1. 1. 0. 1.
 1. 1. 0. 1. 1. 0. 0. 1. 1. 1. 1. 0. 1. 1. 1. 1. 1. 0. 1. 0. 0. 1. 1. 1.
 1. 1. 1. 1. 1. 1. 1. 1. 0. 1. 1. 1. 1. 1. 1. 0. 0. 1. 0. 0. 1. 0. 1. 1.
 0. 1. 1. 1. 0. 1. 0. 1. 1. 1. 1. 1. 1. 1. 1. 1. 1. 1. 1. 1. 1. 1. 1. 1.
 1. 1. 1. 0. 0. 1. 1. 1. 0. 1. 1. 1. 1. 0. 1. 1. 1. 0. 1. 1. 1. 1. 1. 1.
 0. 1. 1. 1. 1. 0. 1. 0. 1. 1. 0. 1. 0. 1. 0.]
[1. 1. 1. 1. 1. 1. 1. 0. 0. 1. 1. 1. 1. 1. 0. 1. 1. 1. 0. 0. 1. 1. 1. 1.
 1. 1. 0. 0. 0. 1. 0. 1. 1. 1. 1. 1. 1. 0. 1. 1. 0. 1. 1. 1. 1. 1. 1. 1.
 1. 1. 0. 1. 1. 0. 0. 1. 1. 1. 1. 0. 1. 1. 1. 1. 1. 0. 1. 0. 0. 1. 1. 1.
 1. 1. 1. 1. 1. 1. 1. 1. 0. 1. 1. 1. 1. 1. 1. 0. 1. 1. 0. 0. 1. 0. 1. 1.
 0. 1. 1. 1. 0. 1. 0. 1. 1. 1. 1. 1. 1. 1. 1. 1. 1. 0. 1. 1. 1. 1. 1. 1.
 1. 1. 1. 0. 0. 1. 1. 1. 0. 1. 1. 1. 1. 0. 0. 1. 1. 0. 1. 1. 1. 1. 1. 1.
 1. 1. 1. 1. 1. 0. 1. 0. 1. 1. 0. 1. 0. 1. 1.]
[1. 1. 1. 1. 1. 1. 1. 0. 1. 1. 1. 1. 1. 1. 0. 1. 1. 1. 1. 0. 1. 1. 1. 1.
 1. 1. 0. 0. 1. 1. 1. 1. 1. 1. 1. 1. 0. 0. 1. 1. 0. 1. 1. 1. 1. 1. 0. 1.
 1. 1. 0. 1. 1. 0. 0. 1. 1. 1. 1. 0. 1. 1. 1. 1. 1. 0. 1. 0. 0. 1. 1. 1.
 1. 1. 1. 1. 1. 1. 1. 1. 0. 1. 1. 1. 1. 1. 1. 0. 1. 1. 0. 0. 1. 0. 1. 1.
 1. 1. 1. 1. 0. 1. 0. 0. 1. 1. 1. 1. 1. 1. 1. 1. 1. 1. 1. 1. 1. 1. 1. 1.
 1. 1. 1. 0. 0. 1. 1. 1. 0. 1. 1. 1. 1. 0. 0. 1. 1. 0. 1. 1. 1. 1. 1. 1.
 1. 1. 1. 1. 1. 0. 1. 0. 1. 1. 0. 1. 0. 1. 1.]
[1. 1. 1. 1. 1. 1. 1. 0. 0. 1. 1. 1. 0. 1. 0. 1. 1. 1. 0. 0. 1. 1. 1. 1.
 1. 1. 0. 0. 0. 1. 0. 1. 1. 1. 1. 1. 0. 0. 1. 1. 0. 1. 1. 0. 1. 1. 0. 1.
 1. 1. 0. 1. 1. 0. 0. 1. 1. 1. 1. 0. 1. 1. 1. 1. 1. 0. 1. 0. 0. 1. 1. 1.
 1. 1. 1. 1. 1. 1. 1. 1. 0. 1. 1. 1. 1. 1. 1. 0. 0. 1. 0. 0. 1. 0. 1. 1.
 0. 0. 1. 1. 0. 1. 1. 1. 1. 1. 1. 1. 1. 1. 1. 1. 1. 0. 1. 1. 1. 1. 1. 1.
 1. 1. 1. 0. 0. 1. 1. 1. 0. 1. 1. 1. 1. 0. 0. 1. 1. 0. 1. 1. 1. 1. 1. 1.
 1. 1. 1. 1. 1. 0. 1. 0. 1. 1. 0. 1. 0. 1. 1.]
[1. 1. 1. 1. 1. 1. 1. 0. 1. 0. 1. 1. 1. 1. 0. 1. 1. 1. 0. 0. 1. 1. 1. 1.
 1. 1. 0. 0. 0. 1. 0. 1. 1. 1. 1. 1. 0. 0. 1. 0. 0. 0. 1. 0. 1. 1. 0. 1.
 1. 1. 0. 1. 0. 0. 0. 1. 1. 1. 1. 0. 1. 1. 1. 1. 1. 0. 1. 0. 0. 1. 1. 1.
 1. 1. 1. 0. 1. 1. 1. 1. 0. 1. 1. 1. 1. 1. 1. 0. 0. 1. 0. 0. 1. 0. 1. 1.
 1. 1. 1. 1. 0. 1. 0. 1. 1. 1. 0. 1. 1. 1. 1. 1. 1. 0. 1. 1. 0. 1. 1. 1.
 0. 1. 1. 0. 0. 1. 0. 0. 0. 1. 1. 1. 1. 0. 1. 1. 1. 0. 1. 1. 1. 1. 1. 1.
 1. 0. 1. 1. 1. 0. 1. 0. 1. 1. 0. 1. 0. 1. 1.]
[1. 1. 1. 1. 1. 1. 1. 0. 0. 1. 1. 1. 1. 1. 0. 1. 1. 1. 0. 0. 1. 1. 1. 1.
 1. 1. 0. 0. 0. 1. 0. 1. 1. 1. 1. 1. 1. 0. 1. 1. 0. 1. 1. 0. 0. 1. 0. 1.
 1. 1. 0. 1. 1. 0. 0. 1. 1. 1. 1. 0. 1. 1. 1. 1. 1. 0. 1. 0. 0. 1. 1. 1.
 1. 1. 1. 1. 1. 1. 1. 1. 0. 1. 1. 1. 1. 1. 1. 0. 0. 1. 0. 0. 1. 0. 1. 1.
 0. 1. 1. 1. 0. 1. 0. 1. 1. 1. 1. 1. 1. 1. 1. 1. 1. 0. 1. 1. 1. 1. 1. 1.
 1. 1. 1. 0. 0. 1. 1. 1. 0. 1. 1. 1. 1. 0. 1. 1. 1. 0. 1. 1. 1. 1. 1. 1.
 1. 1. 1. 1. 1. 0. 1. 0. 1. 1. 0. 1. 0. 1. 1.]
[1. 1. 1. 0. 1. 1. 1. 0. 0. 1. 1. 1. 1. 1. 0. 1. 1. 1. 1. 0. 1. 1. 1. 1.
 1. 1. 0. 0. 1. 1. 1. 1. 1. 1. 1. 1. 0. 0. 1. 1. 0. 1. 1. 0. 1. 1. 1. 1.
 1. 1. 0. 1. 1. 0. 0. 1. 1. 1. 1. 0. 1. 1. 1. 1. 1. 0. 1. 0. 0. 1. 1. 1.
 1. 1. 1. 1. 1. 1. 1. 1. 0. 1. 1. 1. 1. 1. 1. 0. 0. 1. 0. 0. 1. 0. 1. 1.
 0. 1. 1. 1. 0. 1. 1. 1. 1. 1. 1. 1. 1. 1. 1. 1. 1. 1. 1. 1. 1. 1. 1. 1.
 1. 1. 1. 0. 0. 1. 1. 1. 0. 1. 1. 1. 1. 0. 1. 1. 1. 0. 1. 1. 1. 1. 1. 1.
 1. 1. 1. 1. 1. 0. 1. 0. 1. 1. 1. 1. 0. 1. 1.]
[1. 1. 1. 0. 1. 1. 1. 0. 1. 1. 1. 1. 1. 1. 0. 1. 1. 1. 0. 0. 1. 1. 1. 1.
 1. 1. 0. 0. 0. 1. 0. 1. 1. 1. 1. 1. 1. 0. 1. 0. 0. 1. 1. 0. 1. 1. 0. 1.
 1. 1. 0. 1. 0. 0. 0. 1. 1. 1. 1. 0. 1. 1. 1. 1. 1. 0. 1. 0. 0. 1. 1. 1.
 1. 1. 1. 1. 1. 1. 1. 1. 0. 1. 1. 1. 1. 1. 1. 0. 0. 1. 0. 0. 1. 0. 1. 1.
 1. 1. 1. 1. 0. 1. 1. 1. 1. 1. 1. 1. 1. 1. 1. 1. 1. 0. 1. 1. 1. 1. 1. 1.
 1. 1. 1. 0. 0. 1. 0. 1. 0. 1. 1. 1. 1. 0. 1. 1. 1. 0. 1. 1. 1. 1. 1. 1.
 1. 1. 1. 1. 1. 0. 1. 0. 1. 1. 0. 1. 0. 1. 1.]
[1. 1. 1. 1. 1. 1. 1. 0. 1. 1. 1. 1. 1. 1. 0. 1. 1. 1. 0. 0. 1. 1. 1. 1.
 1. 1. 0. 0. 0. 1. 0. 1. 1. 1. 1. 1. 1. 0. 1. 1. 0. 1. 1. 0. 1. 1. 0. 1.
 0. 1. 0. 1. 1. 0. 0. 1. 1. 1. 1. 0. 1. 1. 1. 1. 1. 0. 1. 1. 0. 1. 1. 1.
 1. 1. 1. 1. 1. 1. 1. 1. 0. 1. 1. 1. 1. 1. 1. 0. 0. 1. 0. 0. 1. 1. 1. 1.
 1. 1. 1. 1. 0. 1. 1. 1. 1. 1. 1. 1. 1. 1. 1. 1. 1. 0. 1. 1. 1. 1. 1. 1.
 1. 1. 1. 0. 0. 1. 1. 1. 0. 1. 1. 1. 1. 0. 0. 1. 1. 0. 1. 1. 1. 1. 1. 1.
 0. 1. 1. 1. 1. 0. 1. 0. 1. 1. 0. 1. 0. 1. 0.]
[1. 1. 1. 0. 1. 1. 1. 0. 1. 1. 1. 1. 1. 1. 0. 1. 1. 1. 0. 0. 1. 1. 0. 1.
 1. 1. 0. 0. 0. 1. 0. 1. 1. 1. 1. 1. 0. 0. 1. 1. 0. 1. 1. 1. 1. 1. 0. 1.
 1. 1. 0. 1. 1. 0. 0. 1. 1. 1. 1. 0. 1. 1. 1. 1. 1. 0. 1. 0. 0. 1. 1. 1.
 1. 1. 1. 1. 1. 1. 1. 1. 0. 1. 1. 1. 1. 1. 1. 0. 1. 1. 0. 0. 1. 0. 1. 1.
 1. 1. 1. 1. 0. 1. 1. 0. 1. 1. 1. 1. 1. 1. 1. 1. 1. 0. 1. 1. 1. 1. 1. 1.
 1. 1. 1. 0. 0. 1. 1. 1. 0. 1. 1. 1. 1. 0. 0. 1. 1. 0. 1. 1. 1. 1. 1. 1.
 1. 1. 1. 1. 1. 0. 1. 0. 1. 1. 0. 1. 0. 1. 1.]
[1. 1. 1. 0. 1. 1. 1. 0. 1. 1. 1. 1. 1. 1. 0. 1. 1. 1. 0. 0. 1. 1. 1. 1.
 1. 1. 0. 0. 0. 1. 0. 1. 1. 1. 1. 1. 1. 0. 1. 1. 0. 1. 1. 0. 1. 1. 0. 1.
 1. 1. 0. 1. 1. 0. 0. 1. 1. 1. 1. 0. 1. 1. 1. 1. 1. 0. 1. 0. 0. 1. 1. 1.
 1. 1. 1. 1. 1. 1. 1. 1. 0. 1. 1. 1. 1. 1. 1. 0. 0. 1. 0. 0. 1. 0. 1. 1.
 1. 1. 1. 1. 0. 1. 1. 1. 1. 1. 1. 1. 1. 1. 1. 1. 1. 0. 1. 1. 1. 1. 1. 1.
 1. 1. 1. 0. 0. 1. 1. 1. 0. 1. 1. 1. 1. 0. 1. 1. 1. 0. 1. 1. 1. 1. 1. 1.
 0. 1. 1. 1. 1. 0. 1. 0. 1. 1. 0. 1. 0. 1. 0.]
[1. 1. 1. 1. 1. 1. 1. 0. 1. 1. 1. 1. 1. 1. 0. 1. 1. 1. 0. 0. 1. 1. 1. 1.
 1. 1. 0. 0. 1. 1. 1. 1. 1. 1. 1. 1. 0. 0. 1. 1. 0. 1. 1. 1. 1. 1. 0. 1.
 1. 1. 0. 1. 1. 0. 0. 1. 1. 1. 1. 0. 1. 1. 1. 1. 1. 0. 1. 0. 0. 1. 1. 1.
 1. 1. 1. 1. 1. 1. 1. 1. 0. 1. 1. 1. 1. 1. 1. 0. 1. 1. 0. 0. 1. 0. 1. 1.
 1. 1. 1. 1. 0. 1. 0. 1. 1. 1. 1. 1. 1. 1. 1. 1. 1. 1. 1. 1. 1. 1. 1. 1.
 1. 1. 1. 0. 0. 1. 1. 1. 0. 1. 1. 1. 1. 0. 1. 1. 1. 0. 1. 1. 1. 1. 1. 1.
 1. 1. 1. 1. 1. 0. 1. 0. 1. 1. 0. 1. 0. 1. 1.]
[1. 1. 1. 1. 1. 1. 1. 0. 1. 1. 1. 1. 1. 1. 0. 1. 1. 1. 0. 0. 1. 1. 1. 1.
 1. 1. 0. 0. 0. 1. 0. 1. 1. 1. 1. 1. 0. 0. 1. 1. 0. 1. 1. 1. 1. 1. 0. 1.
 1. 1. 0. 1. 1. 0. 0. 1. 1. 1. 1. 0. 1. 1. 1. 1. 1. 0. 1. 0. 0. 1. 1. 1.
 1. 1. 1. 1. 1. 1. 1. 1. 0. 1. 1. 1. 1. 1. 1. 0. 1. 1. 0. 0. 1. 0. 1. 1.
 1. 1. 1. 1. 0. 1. 0. 1. 1. 1. 1. 1. 1. 1. 1. 1. 1. 0. 1. 1. 1. 1. 1. 1.
 1. 1. 1. 0. 0. 1. 1. 1. 0. 1. 1. 1. 1. 0. 1. 1. 1. 0. 1. 1. 1. 1. 1. 1.
 0. 1. 1. 1. 1. 0. 1. 0. 1. 1. 0. 1. 0. 1. 0.]
[1. 1. 1. 1. 1. 1. 1. 0. 0. 1. 1. 1. 1. 1. 0. 1. 1. 1. 0. 0. 1. 1. 1. 1.
 1. 1. 0. 0. 1. 1. 1. 1. 1. 1. 1. 1. 0. 0. 1. 0. 0. 1. 1. 0. 1. 1. 0. 1.
 1. 1. 0. 1. 0. 0. 0. 1. 1. 1. 1. 0. 1. 1. 1. 1. 1. 0. 1. 0. 0. 1. 1. 1.
 1. 1. 1. 0. 1. 1. 1. 1. 0. 1. 1. 1. 1. 1. 1. 0. 0. 1. 0. 0. 1. 0. 1. 1.
 0. 1. 1. 1. 0. 1. 0. 1. 1. 1. 1. 1. 1. 1. 1. 1. 1. 1. 1. 1. 1. 1. 1. 1.
 1. 1. 1. 0. 0. 1. 0. 0. 0. 1. 1. 1. 1. 0. 1. 1. 1. 0. 1. 1. 1. 1. 1. 1.
 1. 1. 1. 1. 1. 0. 1. 0. 1. 1. 0. 1. 0. 1. 1.]
[1. 1. 1. 1. 1. 1. 1. 0. 0. 1. 1. 1. 1. 1. 0. 1. 1. 1. 0. 0. 1. 1. 1. 1.
 1. 1. 0. 0. 1. 1. 1. 1. 1. 1. 1. 1. 1. 0. 1. 0. 0. 1. 1. 0. 1. 1. 0. 1.
 1. 1. 0. 1. 0. 0. 0. 1. 1. 1. 1. 0. 1. 1. 1. 1. 1. 0. 1. 0. 0. 1. 1. 1.
 1. 1. 1. 1. 1. 1. 1. 1. 0. 1. 1. 1. 1. 1. 1. 0. 0. 1. 0. 0. 1. 0. 1. 1.
 0. 1. 1. 1. 0. 1. 1. 1. 1. 1. 1. 1. 1. 1. 1. 1. 1. 1. 1. 1. 1. 1. 1. 1.
 1. 1. 1. 0. 0. 1. 0. 1. 0. 1. 1. 1. 1. 0. 0. 1. 1. 0. 1. 1. 1. 1. 1. 1.
 1. 1. 1. 1. 1. 0. 1. 0. 1. 1. 0. 1. 0. 1. 1.]
[1. 1. 1. 1. 1. 1. 1. 0. 1. 1. 1. 1. 1. 1. 0. 1. 1. 1. 0. 0. 1. 1. 1. 1.
 1. 1. 0. 0. 0. 1. 0. 1. 1. 1. 1. 1. 1. 0. 1. 1. 0. 1. 1. 1. 1. 1. 0. 1.
 1. 1. 0. 1. 1. 0. 0. 1. 1. 1. 1. 0. 1. 1. 1. 1. 1. 0. 1. 0. 0. 1. 1. 1.
 1. 1. 1. 1. 1. 1. 1. 1. 0. 1. 1. 1. 1. 1. 1. 0. 1. 1. 0. 0. 1. 0. 1. 1.
 1. 1. 1. 0. 0. 1. 0. 1. 1. 1. 1. 1. 1. 1. 1. 1. 1. 0. 1. 1. 1. 1. 1. 1.
 1. 0. 1. 0. 0. 1. 1. 1. 0. 1. 1. 1. 1. 0. 1. 1. 1. 0. 1. 1. 1. 1. 1. 1.
 1. 1. 1. 1. 1. 0. 1. 0. 1. 1. 0. 1. 0. 1. 1.]
[1. 1. 1. 0. 1. 1. 1. 0. 0. 1. 1. 1. 1. 1. 0. 1. 1. 1. 0. 0. 1. 1. 1. 1.
 1. 1. 0. 0. 1. 1. 1. 1. 1. 1. 1. 1. 0. 0. 1. 1. 0. 1. 1. 0. 1. 1. 1. 1.
 1. 1. 0. 1. 1. 0. 0. 1. 1. 1. 1. 0. 1. 1. 1. 1. 1. 0. 1. 0. 0. 1. 1. 1.
 1. 1. 1. 1. 1. 1. 1. 1. 0. 1. 1. 1. 1. 1. 1. 0. 0. 1. 0. 0. 1. 0. 1. 1.
 0. 1. 1. 1. 0. 1. 0. 1. 1. 1. 1. 1. 1. 1. 1. 1. 1. 1. 1. 1. 1. 1. 1. 1.
 1. 1. 1. 0. 0. 1. 1. 1. 0. 1. 1. 1. 1. 0. 1. 1. 1. 0. 1. 1. 1. 1. 1. 1.
 1. 1. 1. 1. 1. 0. 1. 0. 1. 1. 0. 1. 0. 1. 1.]
y1_shape: (20, 159)
y1_shape: (159, 20)
y_test: [1 1 1 1 1 1 1 0 1 1 1 1 0 1 0 1 1 1 0 0 1 1 1 1 1 1 0 0 1 1 1 1 1 1 1 1 0
 0 1 0 0 1 1 0 1 1 0 1 1 1 0 1 0 0 0 1 1 1 1 0 1 1 1 1 1 0 1 0 0 1 1 1 1 1
 1 1 1 1 1 1 0 1 1 1 1 1 1 0 0 1 0 0 1 0 1 1 1 0 1 1 0 1 1 1 1 1 1 1 1 1 1
 1 1 1 1 1 1 1 1 1 1 1 1 0 0 1 0 1 0 1 1 1 1 0 1 1 1 0 1 1 1 1 1 1 1 1 1 1
 1 0 1 0 1 1 0 1 0 1 1]
y_pred: [1. 1. 1. 1. 1. 1. 1. 0. 1. 1. 1. 1. 1. 1. 0. 1. 1. 1. 1. 0. 1. 1. 1. 1.
 1. 1. 0. 0. 1. 1. 1. 1. 1. 1. 1. 1. 1. 0. 1. 1. 0. 1. 1. 1. 1. 1. 1. 1.
 1. 1. 0. 1. 1. 0. 0. 1. 1. 1. 1. 0. 1. 1. 1. 1. 1. 0. 1. 1. 0. 1. 1. 1.
 1. 1. 1. 1. 1. 1. 1. 1. 0. 1. 1. 1. 1. 1. 1. 0. 1. 1. 0. 0. 1. 1. 1. 1.
 1. 1. 1. 1. 0. 1. 1. 1. 1. 1. 1. 1. 1. 1. 1. 1. 1. 1. 1. 1. 1. 1. 1. 1.
 1. 1. 1. 0. 0. 1. 1. 1. 0. 1. 1. 1. 1. 0. 1. 1. 1. 0. 1. 1. 1. 1. 1. 1.
 1. 1. 1. 1. 1. 0. 1. 0. 1. 1. 1. 1. 0. 1. 1.]
precision: 0.9182389937106918
run time: 1546.787266254425